[
 {
  "best_measure": {
   "discrete_parts": [
    (0.303327846640, 0.900000000000),
    (0.186297557312, 0.000000000000),
    (0.139078746177, 0.500000000000),
    (0.011591828791, -1.000000000000)
   ],
   "continuous_parts": [
    (0.022385514241, -0.999933333333, -0.994486666667),
    (0.011285481003, -0.994486666667, -0.989040000000),
    (0.009724421354, -0.989040000000, -0.983593333333),
    (0.008096198789, -0.983593333333, -0.978146666667),
    (0.007250536639, -0.978146666667, -0.972700000000),
    (0.006563837518, -0.972700000000, -0.967253333333),
    (0.006064876307, -0.967253333333, -0.961806666667),
    (0.005657228892, -0.961806666667, -0.956360000000),
    (0.005325052715, -0.956360000000, -0.950913333333),
    (0.005044916463, -0.950913333333, -0.945466666667),
    (0.004805266602, -0.945466666667, -0.940020000000),
    (0.004600616047, -0.940020000000, -0.934573333333),
    (0.004417823663, -0.934573333333, -0.929126666667),
    (0.004256515352, -0.929126666667, -0.923680000000),
    (0.004111515362, -0.923680000000, -0.918233333333),
    (0.003981477490, -0.918233333333, -0.912786666667),
    (0.003863996444, -0.912786666667, -0.907340000000),
    (0.003755807237, -0.907340000000, -0.901893333333),
    (0.003656694386, -0.901893333333, -0.896446666667),
    (0.003564963586, -0.896446666667, -0.891000000000),
    (0.003480932440, -0.891000000000, -0.885553333333),
    (0.003402563541, -0.885553333333, -0.880106666667),
    (0.003329276138, -0.880106666667, -0.874660000000),
    (0.003260704495, -0.874660000000, -0.869213333333),
    (0.003196138844, -0.869213333333, -0.863766666667),
    (0.003136335450, -0.863766666667, -0.858320000000),
    (0.003079350961, -0.858320000000, -0.852873333333),
    (0.003025592220, -0.852873333333, -0.847426666667),
    (0.002974606502, -0.847426666667, -0.841980000000),
    (0.002925979902, -0.841980000000, -0.836533333333),
    (0.002880788729, -0.836533333333, -0.831086666667),
    (0.002836914611, -0.831086666667, -0.825640000000),
    (0.002795346345, -0.825640000000, -0.820193333333),
    (0.002755490516, -0.820193333333, -0.814746666667),
    (0.002717407558, -0.814746666667, -0.809300000000),
    (0.002681413134, -0.809300000000, -0.803853333333),
    (0.002646444218, -0.803853333333, -0.798406666667),
    (0.002612999233, -0.798406666667, -0.792960000000),
    (0.002580735720, -0.792960000000, -0.787513333333),
    (0.002549870952, -0.787513333333, -0.782066666667),
    (0.002520292307, -0.782066666667, -0.776620000000),
    (0.002491552378, -0.776620000000, -0.771173333333),
    (0.002463862100, -0.771173333333, -0.765726666667),
    (0.002437016794, -0.765726666667, -0.760280000000),
    (0.002411330502, -0.760280000000, -0.754833333333),
    (0.002386418813, -0.754833333333, -0.749386666667),
    (0.002362217604, -0.749386666667, -0.743940000000),
    (0.002338760474, -0.743940000000, -0.738493333333),
    (0.002315922690, -0.738493333333, -0.733046666667),
    (0.002294079343, -0.733046666667, -0.727600000000),
    (0.002272670363, -0.727600000000, -0.722153333333),
    (0.002251877943, -0.722153333333, -0.716706666667),
    (0.002231630530, -0.716706666667, -0.711260000000),
    (0.002211785595, -0.711260000000, -0.705813333333),
    (0.002192933055, -0.705813333333, -0.700366666667),
    (0.002174174456, -0.700366666667, -0.694920000000),
    (0.002156006240, -0.694920000000, -0.689473333333),
    (0.002138207393, -0.689473333333, -0.684026666667),
    (0.002120816555, -0.684026666667, -0.678580000000),
    (0.002104089544, -0.678580000000, -0.673133333333),
    (0.002087499104, -0.673133333333, -0.667686666667),
    (0.002071339686, -0.667686666667, -0.662240000000),
    (0.002055464964, -0.662240000000, -0.656793333333),
    (0.002039984691, -0.656793333333, -0.651346666667),
    (0.002024929862, -0.651346666667, -0.645900000000),
    (0.002010033719, -0.645900000000, -0.640453333333),
    (0.001995451642, -0.640453333333, -0.635006666667),
    (0.001981085322, -0.635006666667, -0.629560000000),
    (0.001967101190, -0.629560000000, -0.624113333333),
    (0.001953360409, -0.624113333333, -0.618666666667),
    (0.001939788278, -0.618666666667, -0.613220000000),
    (0.001926440468, -0.613220000000, -0.607773333333),
    (0.001913250276, -0.607773333333, -0.602326666667),
    (0.001900430579, -0.602326666667, -0.596880000000),
    (0.001887710533, -0.596880000000, -0.591433333333),
    (0.001875161042, -0.591433333333, -0.585986666667),
    (0.001862771677, -0.585986666667, -0.580540000000),
    (0.001850425094, -0.580540000000, -0.575093333333),
    (0.001838566094, -0.575093333333, -0.569646666667),
    (0.001826572034, -0.569646666667, -0.564200000000),
    (0.001814796500, -0.564200000000, -0.558753333333),
    (0.001803092059, -0.558753333333, -0.553306666667),
    (0.001791467655, -0.553306666667, -0.547860000000),
    (0.001780156071, -0.547860000000, -0.542413333333),
    (0.001768750899, -0.542413333333, -0.536966666667),
    (0.001757483020, -0.536966666667, -0.531520000000),
    (0.001746245567, -0.531520000000, -0.526073333333),
    (0.001735101020, -0.526073333333, -0.520626666667),
    (0.001724123768, -0.520626666667, -0.515180000000),
    (0.001713074110, -0.515180000000, -0.509733333333),
    (0.001702089912, -0.509733333333, -0.504286666667),
    (0.001691091147, -0.504286666667, -0.498840000000),
    (0.001680191254, -0.498840000000, -0.493393333333),
    (0.001669325855, -0.493393333333, -0.487946666667),
    (0.001658393696, -0.487946666667, -0.482500000000),
    (0.001647457271, -0.482500000000, -0.477053333333),
    (0.001636454180, -0.477053333333, -0.471606666667),
    (0.001625549134, -0.471606666667, -0.466160000000),
    (0.001614548269, -0.466160000000, -0.460713333333),
    (0.001603472042, -0.460713333333, -0.455266666667),
    (0.001592327130, -0.455266666667, -0.449820000000),
    (0.001580970778, -0.449820000000, -0.444373333333),
    (0.001569868232, -0.444373333333, -0.438926666667),
    (0.001558380827, -0.438926666667, -0.433480000000),
    (0.001546861100, -0.433480000000, -0.428033333333),
    (0.001535151679, -0.428033333333, -0.422586666667),
    (0.001523235580, -0.422586666667, -0.417140000000),
    (0.001511387963, -0.417140000000, -0.411693333333),
    (0.001499139004, -0.411693333333, -0.406246666667),
    (0.001486735249, -0.406246666667, -0.400800000000),
    (0.001474044344, -0.400800000000, -0.395353333333),
    (0.001461105465, -0.395353333333, -0.389906666667),
    (0.001448038414, -0.389906666667, -0.384460000000),
    (0.001434500621, -0.384460000000, -0.379013333333),
    (0.001420655768, -0.379013333333, -0.373566666667),
    (0.001406376191, -0.373566666667, -0.368120000000),
    (0.001391774383, -0.368120000000, -0.362673333333),
    (0.001376782713, -0.362673333333, -0.357226666667),
    (0.001361193192, -0.357226666667, -0.351780000000),
    (0.001345074579, -0.351780000000, -0.346333333333),
    (0.001328289922, -0.346333333333, -0.340886666667),
    (0.001311046059, -0.340886666667, -0.335440000000),
    (0.001293030191, -0.335440000000, -0.329993333333),
    (0.001274180648, -0.329993333333, -0.324546666667),
    (0.001254445989, -0.324546666667, -0.319100000000),
    (0.001233650794, -0.319100000000, -0.313653333333),
    (0.001212133454, -0.313653333333, -0.308206666667),
    (0.001189210613, -0.308206666667, -0.302760000000),
    (0.001164994308, -0.302760000000, -0.297313333333),
    (0.001139243004, -0.297313333333, -0.291866666667),
    (0.001111672757, -0.291866666667, -0.286420000000),
    (0.001082810535, -0.286420000000, -0.280973333333),
    (0.001051306917, -0.280973333333, -0.275526666667),
    (0.001017469644, -0.275526666667, -0.270080000000),
    (0.000980616722, -0.270080000000, -0.264633333333),
    (0.000940442377, -0.264633333333, -0.259186666667),
    (0.000896784259, -0.259186666667, -0.253740000000),
    (0.000847821631, -0.253740000000, -0.248293333333),
    (0.000792989527, -0.248293333333, -0.242846666667),
    (0.000730227613, -0.242846666667, -0.237400000000),
    (0.000657938167, -0.237400000000, -0.231953333333),
    (0.000571379802, -0.231953333333, -0.226506666667),
    (0.000461169707, -0.226506666667, -0.221060000000),
    (0.000310056860, -0.221060000000, -0.215613333333)
   ]
  }
 }
]
